
0000000000000000000000000000000
0000000000000000000000000000000
0000000000000000000000000000000
0000000000000000000000000000000
0000000000000000000000000000000
0000000000000000000000000000000
0000000000000000000000000000000
0000000000000000000000000000000
0000000000000000000000000000000
0000000000000000000000000000000
0000000000000000000000000000000
0000000000000000000000000000000
0000000000000000000000000000000
0000000000000000000000000000000
0000000000000052000000000000000
00000000000000410000000000000000
0000000000000084500000000000000
0000000000000000000000000000000
0000000000000000000000000000000
0000000000000000000000000000000
0000000000000000000000000000000
0000000000000000000000000000000
0000000000000000000000000000000
0000000000000000000000000000000
0000000000000000000000000000000
0000000000000000000000000000000
0000000000000000000000000000000
0000000000000000000000000000000
0000000000000000000000000000000
0000000000000000000000000000000
0000000000000000000000000000000

0000000000000000000000000000000
0000000000000000000000000000000
0000000000000000000000000000000
0000000000000000000000000000000
0000000000000000000000000000000
0000000000000000000000000000000
0000000000000000000000000000000
0000000000000000000000000000000
0000000000000000000000000000000
0000000000000000000000000000000
0000000000000000000000000000000
0000000000000000000000000000000
0000000000000000000000000000000
00000000000001504100000000000000
00000000000005514130000000000000
0000000000000403020000000000000
0000000000000562030000000000000
000000000000013513530000000000000
0000000000000000000000000000000
0000000000000000000000000000000
0000000000000000000000000000000
0000000000000000000000000000000
0000000000000000000000000000000
0000000000000000000000000000000
0000000000000000000000000000000
0000000000000000000000000000000
0000000000000000000000000000000
0000000000000000000000000000000
0000000000000000000000000000000
0000000000000000000000000000000
0000000000000000000000000000000

0000000000000000000000000000000
0000000000000000000000000000000
0000000000000000000000000000000
0000000000000000000000000000000
0000000000000000000000000000000
0000000000000000000000000000000
0000000000000000000000000000000
0000000000000000000000000000000
0000000000000000000000000000000
0000000000000000000000000000000
0000000000000000000000000000000
0000000000000000000000000000000
00000000000011271013000000000000
0000000000000025104000000000000
0000000000003000100000000000000
0000000000004106110000000000000
0000000000004030110000000000000
0000000000001412174000000000000
0000000000003117110000000000000
0000000000000000000000000000000
0000000000000000000000000000000
0000000000000000000000000000000
0000000000000000000000000000000
0000000000000000000000000000000
0000000000000000000000000000000
0000000000000000000000000000000
0000000000000000000000000000000
0000000000000000000000000000000
0000000000000000000000000000000
0000000000000000000000000000000
0000000000000000000000000000000

0000000000000000000000000000000
0000000000000000000000000000000
0000000000000000000000000000000
0000000000000000000000000000000
0000000000000000000000000000000
0000000000000000000000000000000
0000000000000000000000000000000
0000000000000000000000000000000
0000000000000000000000000000000
0000000000000000000000000000000
0000000000000000000000000000000
00000000000021131110000000000000
00000000000042012420200000000000
00000000000410012106000000000000
0000000000000110430000000000000
0000000000011004130300000000000
0000000000017041042000000000000
0000000000005180243000000000000
0000000000011101015500000000000
0000000000012002100000000000000
0000000000000000000000000000000
0000000000000000000000000000000
0000000000000000000000000000000
0000000000000000000000000000000
0000000000000000000000000000000
0000000000000000000000000000000
0000000000000000000000000000000
0000000000000000000000000000000
0000000000000000000000000000000
0000000000000000000000000000000
0000000000000000000000000000000

0000000000000000000000000000000
0000000000000000000000000000000
0000000000000000000000000000000
0000000000000000000000000000000
0000000000000000000000000000000
0000000000000000000000000000000
0000000000000000000000000000000
0000000000000000000000000000000
0000000000000000000000000000000
0000000000000000000000000000000
0000000000000010061100000000000
0000000000020302201010000000000
00000000000020011523000000000000
000000000010100238000120000000000
0000000000500401204270000000000
0000000000413013110420000000000
0000000000106101693000000000000
0000000000100113000200000000000
00000000001120150171000000000000
0000000000001103064000000000000
0000000000010020100000000000000
0000000000000000000000000000000
0000000000000000000000000000000
0000000000000000000000000000000
0000000000000000000000000000000
0000000000000000000000000000000
0000000000000000000000000000000
0000000000000000000000000000000
0000000000000000000000000000000
0000000000000000000000000000000
0000000000000000000000000000000

0000000000000000000000000000000
0000000000000000000000000000000
0000000000000000000000000000000
0000000000000000000000000000000
0000000000000000000000000000000
0000000000000000000000000000000
0000000000000000000000000000000
0000000000000000000000000000000
0000000000000000000000000000000
0000000000000521500000000000000
0000000000003003020100000000000
0000000000021000106100000000000
0000000000330332243000000000000
00000000004201544418211000000000
0000000005031530048220000000000
0000000001241020004540000000000
00000000003021200160421000000000
0000000001042170300670000000000
0000000001211310390050000000000
0000000000027000531010000000000
0000000000021024221100000000000
0000000000000000200000000000000
0000000000000000000000000000000
0000000000000000000000000000000
0000000000000000000000000000000
0000000000000000000000000000000
0000000000000000000000000000000
0000000000000000000000000000000
0000000000000000000000000000000
0000000000000000000000000000000
0000000000000000000000000000000

0000000000000000000000000000000
0000000000000000000000000000000
0000000000000000000000000000000
0000000000000000000000000000000
0000000000000000000000000000000
0000000000000000000000000000000
0000000000000000000000000000000
0000000000000000000000000000000
0000000000011020000000000000000
0000000000000210100100000000000
0000000001011702050100000000000
00000000001301000011100000000000
0000000000150960220000000000000
0000000001103002512090000000000
000000000031109931112502100000000
0000000042004160882301100000000
00000000020220851350501000000000
00000000021901022310110000000000
0000000001402062302002000000000
00000000010030618130200000000000
00000000001041904010100000000000
0000000000000061010201000000000
00000000000010012100000000000000
0000000000000000000000000000000
0000000000000000000000000000000
0000000000000000000000000000000
0000000000000000000000000000000
0000000000000000000000000000000
0000000000000000000000000000000
0000000000000000000000000000000
0000000000000000000000000000000

0000000000000000000000000000000
0000000000000000000000000000000
0000000000000000000000000000000
0000000000000000000000000000000
0000000000000000000000000000000
0000000000000000000000000000000
0000000000000000000000000000000
0000000000000010200000000000000
0000000000002100120100000000000
0000000000001000100020000000000
0000000000016614658221000000000
0000000001107012302061000000000
0000000006210423143500000000000
00000000052230010163551000000000
000000002101102121000000300000000
000000023320411680411218010000000
0000000011306325000020000000000
00000001053105016014503000000000
0000000003365004112000000000000
0000000013323530423001000000000
0000000001002014222110000000000
0000000000033255522000000000000
0000000000100004300100000000000
0000000000000000100000000000000
0000000000000000000000000000000
0000000000000000000000000000000
0000000000000000000000000000000
0000000000000000000000000000000
0000000000000000000000000000000
0000000000000000000000000000000
0000000000000000000000000000000

0000000000000000000000000000000
0000000000000000000000000000000
0000000000000000000000000000000
0000000000000000000000000000000
0000000000000000000000000000000
0000000000000000000000000000000
0000000000000001000000000000000
0000000000000011030000000000000
0000000000001030201120000000000
0000000000100030605130000000000
00000000003060010004331000000000
00000000110101241001066200000000
0000000102340501324610000000000
00000000141002211160235100000000
00000001011013061140120310000000
00000005400140543511303230000000
000000014710160003600611010000000
00000002400100319180300000000000
0000000010134444327001300000000
0000000021413410000200000000000
0000000100402101030212000000000
0000000000250671311100000000000
0000000000010122500000000000000
0000000000001010000000000000000
0000000000000000000000000000000
0000000000000000000000000000000
0000000000000000000000000000000
0000000000000000000000000000000
0000000000000000000000000000000
0000000000000000000000000000000
0000000000000000000000000000000

0000000000000000000000000000000
0000000000000000000000000000000
0000000000000000000000000000000
0000000000000000000000000000000
0000000000000000000000000000000
0000000000000000000000000000000
0000000000000001100000000000000
0000000000001110300200000000000
0000000000020001372001000000000
00000000005100000011401100000000
0000000000101416002800000000000
0000000005103302312201200000000
0000000000010304047758010000000
000000024414620120910702100000000
0000000001000543380110300000000
000000030103010450431400040000000
0000000081016101212200000000000
00000001425060574101241432000000
0000000153303111060274200000000
0000000114402000100000000000000
00000000002821010912550000000000
0000000001720023611400000000000
0000000000011201102100000000000
0000000000000000010000000000000
0000000000000010000000000000000
0000000000000000000000000000000
0000000000000000000000000000000
0000000000000000000000000000000
0000000000000000000000000000000
0000000000000000000000000000000
0000000000000000000000000000000

0000000000000000000000000000000
0000000000000000000000000000000
0000000000000000000000000000000
0000000000000000000000000000000
0000000000000000000000000000000
0000000000000000000000000000000
0000000000011010101000000000000
0000000000000000201000000000000
0000000000000013013001100000000
0000000000300055270202200000000
0000000004300203000050000000000
0000000030421930431875400000000
0000000200011427754402000000000
00000001137160438281161030000000
00000005592600111314261131000000
00000004146200200106534160000000
0000001165011100220760030000000
0000000058002822020910000000000
00000000702056410000127010000000
0000000011020007050251000000000
0000000000040063013710000000000
000000001011914440120001000000000
0000000001020000509100000000000
0000000000000221232100000000000
0000000000000000000000000000000
0000000000000000000000000000000
0000000000000000000000000000000
0000000000000000000000000000000
0000000000000000000000000000000
0000000000000000000000000000000
0000000000000000000000000000000

0000000000000000000000000000000
0000000000000000000000000000000
0000000000000000000000000000000
0000000000000000000000000000000
0000000000000000000000000000000
0000000000000000000000000000000
0000000000001230210000000000000
0000000000111015002200000000000
0000000001534044216600000000000
0000000002000932122152000000000
00000000200041113123544000000000
0000000065057081041834020000000
000000033101413182430051220000000
00000014041925208400115430000000
0000001062260095700083203000000
00000014831931640521404611000000
000000001120142940660553101000000
0000002105532315001810101000000
00000004110103617000083200000000
00000011510190057717146010000000
000000001020232325010100000000000
0000000001640440161010000000000
0000000000001241130401000000000
0000000001015311411100000000000
0000000000000000100000000000000
0000000000000010000000000000000
0000000000000000000000000000000
0000000000000000000000000000000
0000000000000000000000000000000
0000000000000000000000000000000
0000000000000000000000000000000

0000000000000000000000000000000
0000000000000000000000000000000
0000000000000000000000000000000
0000000000000000000000000000000
0000000000000000000000000000000
0000000000000000010000000000000
0000000000000221420000000000000
0000000000000002000000100000000
0000000000102420335411010000000
0000000004540221200022010000000
0000000009030101126011200000000
00000000014014390011020600000000
00000011010071110112708010000000
000000033040104410411310741000000
000000151210309596202069441000000
00000014020031230022943353000000
000000103561505514012007422000000
0000002606321506070652141000000
00000001122251701401171120000000
00000000530000170234130001000000
0000000112115433411114401000000000
0000000001010215111618622000000000
00000000003061061101610000000000
0000000000032004501110000000000
0000000000000130010100000000000
0000000000000002100000000000000
0000000000000000000000000000000
0000000000000000000000000000000
0000000000000000000000000000000
0000000000000000000000000000000
0000000000000000000000000000000

0000000000000000000000000000000
0000000000000000000000000000000
0000000000000000000000000000000
0000000000000000000000000000000
0000000000000000000000000000000
0000000000000000110000000000000
0000000000003048712000000000000
0000000001260011506200000000000
00000000011524216541000000000000
00000000042023018400512110000000
00000000131502210404521400000000
0000000510702008470142120000000
00000011304107015110133110000000
00000010470334133605027140000000
00000027734322020114211105100000
00000046080100256148756247000000
0000003832223984100129510000000
00000000101001013564939210000000
00000010318016179240411660000000
000001100104126500154080520000000
000000030161610051002170110000000
000000010064614963101310000000000
0000000003223051266010000000000
00000000000334312366210000000000
0000000000003011140000000000000
0000000000100002000000000000000
0000000000000000000000000000000
0000000000000000000000000000000
0000000000000000000000000000000
0000000000000000000000000000000
0000000000000000000000000000000

0000000000000000000000000000000
0000000001000000000000000000000
0000000001231445333221000000000
00000000236111061018544742000000000
000000007444136665751366430000000
00000042106644455454998542000000
000000597491744611968464854300000
00000695156114611551944611841541000000
00001549574141176161111458154115452000
0001771641048484765121311445156842000
00174767579516416446713136455546100
00341048187125876915549106452271547000
00444651015651244107457644868874400
003710410578742112945187468644945400
004441196774455101845469127814455500
00476555778413749745674977675540
0141114155644542064144551364477745420
003541349746106465741061861015164104410
000111111755584545544422514646444700
0015787541176510545645571367975100
0007448415547545107712447514111961100
0005571094412789797664647411451000
000244464798114913138442851589520000
0000395107118868557686211351412510000
00000655117759716575695131045100000
0000015649131167107124714104511000000
0000001189575511613997157510000000
000000000076412410478210100000000
0000000000030221540000000000000
0000000000000000000000000000000
0000000000000000000000000000000
 
Total grains in the pile: 9813
